cpu=1
-52.62 50.09 49.99 
-49.82 -49.88 52.70 
-52.55 52.24 -50.74 
-1.62 -45.85 -44.59 
44.60 45.27  1.06 
67.37 -51.26 -50.39 
49.06 49.16 68.13 
-68.45 -49.27 -48.76 
49.56 51.65 -67.47 
51.14 -52.38 52.30 

-0.64 -7.51 -6.59 
51.92 -54.71 53.18 
-51.82 52.86 -54.80 
53.83 -53.51 -53.44 
-53.81 -53.47 -53.49 
69.01 46.45 46.36 
-0.04 56.04 55.82 
-51.90 -54.62 53.17 
51.82 52.88 -54.53 
-69.06 46.74 46.45 

53.50 53.30 -53.84 
53.42 53.46 53.98 
 7.58  6.80  0.41 
54.59 -53.21 52.00 
-46.50 -46.37 -69.03 
54.59 -53.11 -51.96 
-55.76 -56.08  0.11 
-46.68 -46.49 69.13 
-52.98 54.59 51.89 
-52.95 54.59 -51.72 

cpu=2
-52.62 50.09 49.99 
-49.82 -49.88 52.70 
-52.55 52.24 -50.74 
-1.62 -45.85 -44.59 
44.60 45.27  1.06 
67.37 -51.26 -50.39 
49.06 49.16 68.13 
-68.45 -49.27 -48.76 
49.56 51.65 -67.47 
51.14 -52.38 52.30 

-0.64 -7.51 -6.59 
51.92 -54.71 53.18 
-51.82 52.86 -54.80 
53.83 -53.51 -53.44 
-53.81 -53.47 -53.49 
69.01 46.45 46.36 
-0.04 56.04 55.82 
-51.90 -54.62 53.17 
51.82 52.88 -54.53 
-69.06 46.74 46.45 

53.50 53.30 -53.84 
53.42 53.46 53.98 
 7.58  6.80  0.41 
54.59 -53.21 52.00 
-46.50 -46.37 -69.03 
54.59 -53.11 -51.96 
-55.76 -56.08  0.11 
-46.68 -46.49 69.13 
-52.98 54.59 51.89 
-52.95 54.59 -51.72 

cpu=4
-52.62 50.09 49.99 
-49.82 -49.88 52.70 
-52.55 52.24 -50.74 
-1.62 -45.85 -44.59 
44.60 45.27  1.06 
67.37 -51.26 -50.39 
49.06 49.16 68.13 
-68.45 -49.27 -48.76 
49.56 51.65 -67.47 
51.14 -52.38 52.30 

-0.64 -7.51 -6.59 
51.92 -54.71 53.18 
-51.82 52.86 -54.80 
53.83 -53.51 -53.44 
-53.81 -53.47 -53.49 
69.01 46.45 46.36 
-0.04 56.04 55.82 
-51.90 -54.62 53.17 
51.82 52.88 -54.53 
-69.06 46.74 46.45 

53.50 53.30 -53.84 
53.42 53.46 53.98 
 7.58  6.80  0.41 
54.59 -53.21 52.00 
-46.50 -46.37 -69.03 
54.59 -53.11 -51.96 
-55.76 -56.08  0.11 
-46.68 -46.49 69.13 
-52.98 54.59 51.89 
-52.95 54.59 -51.72 

cpu=8
-52.62 50.09 49.99 
-49.82 -49.88 52.70 
-52.55 52.24 -50.74 
-1.62 -45.85 -44.59 
44.60 45.27  1.06 
67.37 -51.26 -50.39 
49.06 49.16 68.13 
-68.45 -49.27 -48.76 
49.56 51.65 -67.47 
51.14 -52.38 52.30 

-0.64 -7.51 -6.59 
51.92 -54.71 53.18 
-51.82 52.86 -54.80 
53.83 -53.51 -53.44 
-53.81 -53.47 -53.49 
69.01 46.45 46.36 
-0.04 56.04 55.82 
-51.90 -54.62 53.17 
51.82 52.88 -54.53 
-69.06 46.74 46.45 

53.50 53.30 -53.84 
53.42 53.46 53.98 
 7.58  6.80  0.41 
54.59 -53.21 52.00 
-46.50 -46.37 -69.03 
54.59 -53.11 -51.96 
-55.76 -56.08  0.11 
-46.68 -46.49 69.13 
-52.98 54.59 51.89 
-52.95 54.59 -51.72 

cpu=16
-52.62 50.09 49.99 
-49.82 -49.88 52.70 
-52.55 52.24 -50.74 
-1.62 -45.85 -44.59 
44.60 45.27  1.06 
67.37 -51.26 -50.39 
49.06 49.16 68.13 
-68.45 -49.27 -48.76 
49.56 51.65 -67.47 
51.14 -52.38 52.30 

-0.64 -7.51 -6.59 
51.92 -54.71 53.18 
-51.82 52.86 -54.80 
53.83 -53.51 -53.44 
-53.81 -53.47 -53.49 
69.01 46.45 46.36 
-0.04 56.04 55.82 
-51.90 -54.62 53.17 
51.82 52.88 -54.53 
-69.06 46.74 46.45 

53.50 53.30 -53.84 
53.42 53.46 53.98 
 7.58  6.80  0.41 
54.59 -53.21 52.00 
-46.50 -46.37 -69.03 
54.59 -53.11 -51.96 
-55.76 -56.08  0.11 
-46.68 -46.49 69.13 
-52.98 54.59 51.89 
-52.95 54.59 -51.72 

